8 0 1 1 1 0 5 0 1 
3 1 1 1 1 0 0 0 0 
1 0 1 0 0 0 1 0 0 
1 0 0 1 0 0 1 0 0 
1 0 0 0 1 0 1 0 0 
1 0 0 0 0 1 1 0 0 
1 0 0 0 0 0 1 0 1 
1 0 0 0 0 0 1 1 0 
0 0 0 0 0 0 0 0 1 

-9999->1->
-9999->1->5->
-9999->1->7->5->
7 0 0 0 0 0 5 0 1 
3 0 1 1 1 0 0 0 0 
1 0 1 0 0 0 1 0 0 
1 0 0 1 0 0 1 0 0 
1 0 0 0 1 0 1 0 0 
1 0 0 0 0 2 1 0 0 
1 0 0 0 0 0 1 0 1 
1 0 0 0 0 0 1 2 0 
0 0 0 0 0 0 0 0 1 

6 0 0 0 0 0 4 0 1 
3 0 1 1 1 0 0 0 0 
1 0 1 0 0 0 1 0 0 
1 0 0 1 0 0 1 0 0 
1 0 0 0 1 0 1 0 0 
1 0 0 0 0 2 1 0 0 
1 0 0 0 0 0 1 0 1 
1 0 0 0 0 0 1 0 0 
0 0 0 0 0 0 0 0 1 

